%YAML:1.0
---
R: !!opencv-matrix
   rows: 3
   cols: 3
   dt: d
   data: [ 9.9795593614281708e-01, -1.1403978359490552e-03,
       -6.3895610256804347e-02, 2.0822266039261265e-03,
       9.9989014148278998e-01, 1.4675465849376707e-02,
       6.3871854910309139e-02, -1.4778513399597484e-02,
       9.9784867675014455e-01 ]
T: !!opencv-matrix
   rows: 3
   cols: 1
   dt: d
   data: [ 5.3799095391192264e-01, -1.2292925187781174e-01,
       -2.5943867035414708e-02 ]
R1: !!opencv-matrix
   rows: 3
   cols: 3
   dt: d
   data: [ 9.6834552620711944e-01, -2.2290205082054032e-01,
       -1.1234597284573253e-01, 2.2332642989761181e-01,
       9.7470257736713217e-01, -8.9549641572048699e-03,
       1.1149998916521872e-01, -1.6418325550037038e-02,
       9.9362879940261850e-01 ]
R2: !!opencv-matrix
   rows: 3
   cols: 3
   dt: d
   data: [ 9.7379877762699152e-01, -2.2250997780310536e-01,
       -4.6960094444524959e-02, 2.2233057060363340e-01,
       9.7492909595028310e-01, -9.0760809067966380e-03,
       4.7802280983651121e-02, -1.6023881007695062e-03,
       9.9885553223933965e-01 ]
P1: !!opencv-matrix
   rows: 3
   cols: 4
   dt: d
   data: [ 1.7901524872023714e+02, 0., 2.7448917293548584e+02, 0., 0.,
       1.7901524872023714e+02, 1.3991441726684570e+02, 0., 0., 0., 1.,
       0. ]
P2: !!opencv-matrix
   rows: 3
   cols: 4
   dt: d
   data: [ 1.7901524872023714e+02, 0., 2.7448917293548584e+02,
       9.8899882230773329e+01, 0., 1.7901524872023714e+02,
       1.3991441726684570e+02, 0., 0., 0., 1., 0. ]
Q: !!opencv-matrix
   rows: 4
   cols: 4
   dt: d
   data: [ 1., 0., 0., -2.7448917293548584e+02, 0., 1., 0.,
       -1.3991441726684570e+02, 0., 0., 0., 1.7901524872023714e+02, 0.,
       0., -1.8100653376160987e+00, 0. ]
