%YAML:1.0
---
R: !!opencv-matrix
   rows: 3
   cols: 3
   dt: d
   data: [ 9.9684230577479083e-01, 1.8835809971347582e-03,
       7.9384315454790952e-02, -3.0435679579488505e-03,
       9.9989032675892175e-01, 1.4493831378281420e-02,
       -7.9348308814264426e-02, -1.4689675849518970e-02,
       9.9673871165504158e-01 ]
T: !!opencv-matrix
   rows: 3
   cols: 1
   dt: d
   data: [ -2.0560209263277471e+00, -2.0783034677105222e-01,
       -3.1239187068853280e-01 ]
R1: !!opencv-matrix
   rows: 3
   cols: 3
   dt: d
   data: [ 9.6848350661315563e-01, 9.9087833175870957e-02,
       2.2851979943715278e-01, -1.0032843486354910e-01,
       9.9493498220543997e-01, -6.2117905382704742e-03,
       -2.2797785545117394e-01, -1.6911017130011075e-02,
       9.7351944763497789e-01 ]
R2: !!opencv-matrix
   rows: 3
   cols: 3
   dt: d
   data: [ 9.8375285964291448e-01, 9.9441447963166188e-02,
       1.4947143396441054e-01, -9.8630706457918590e-02,
       9.9504118822628240e-01, -1.2845912845726691e-02,
       -1.5000764943162109e-01, -2.1052696304806554e-03,
       9.8868259464389430e-01 ]
P1: !!opencv-matrix
   rows: 3
   cols: 4
   dt: d
   data: [ -9.2682304286594831e+02, 0., 4.1518591003417969e+03, 0., 0.,
       -9.2682304286594831e+02, 1.7261697387695312e+02, 0., 0., 0., 1.,
       0. ]
P2: !!opencv-matrix
   rows: 3
   cols: 4
   dt: d
   data: [ -9.2682304286594831e+02, 0., 4.1518591003417969e+03,
       1.9370389142521396e+03, 0., -9.2682304286594831e+02,
       1.7261697387695312e+02, 0., 0., 0., 1., 0. ]
Q: !!opencv-matrix
   rows: 4
   cols: 4
   dt: d
   data: [ 1., 0., 0., -4.1518591003417969e+03, 0., 1., 0.,
       -1.7261697387695312e+02, 0., 0., 0., -9.2682304286594831e+02, 0.,
       0., 4.7847414734245552e-01, 0. ]
