%YAML:1.0
---
R: !!opencv-matrix
   rows: 3
   cols: 3
   dt: d
   data: [ 9.9870167401166565e-01, 1.4644284479070988e-02,
       4.8790483276893261e-02, -1.4653276397191658e-02,
       9.9989261994626222e-01, -1.7340077034539854e-04,
       -4.8787783482386916e-02, -5.4176479739001602e-04,
       9.9880902012035311e-01 ]
T: !!opencv-matrix
   rows: 3
   cols: 1
   dt: d
   data: [ -1.6154201055197002e+00, -1.9533034924539827e-01,
       -7.7553337688046647e-02 ]
R1: !!opencv-matrix
   rows: 3
   cols: 3
   dt: d
   data: [ 9.8627606231734100e-01, 1.3438889530258635e-01,
       9.5912218820915107e-02, -1.3427328920615875e-01,
       9.9091451597639602e-01, -7.6880318043097921e-03,
       -9.6073995990381619e-02, -5.2959273612200024e-03,
       9.9536010591535395e-01 ]
R2: !!opencv-matrix
   rows: 3
   cols: 3
   dt: d
   data: [ 9.9164318719603306e-01, 1.1990565761808804e-01,
       4.7606959143252331e-02, -1.1996282742602436e-01,
       9.9277698825255600e-01, -1.6648219538375406e-03,
       -4.7462715089292465e-02, -4.0601560755624136e-03,
       9.9886475851788592e-01 ]
P1: !!opencv-matrix
   rows: 3
   cols: 4
   dt: d
   data: [ -2.7246575764112295e+03, 0., 3.0909166259765625e+03, 0., 0.,
       -2.7246575764112295e+03, -3.2171067047119141e+02, 0., 0., 0., 1.,
       0. ]
P2: !!opencv-matrix
   rows: 3
   cols: 4
   dt: d
   data: [ -2.7246575764112295e+03, 0., 3.0909166259765625e+03,
       4.4385588348938809e+03, 0., -2.7246575764112295e+03,
       -3.2171067047119141e+02, 0., 0., 0., 1., 0. ]
Q: !!opencv-matrix
   rows: 4
   cols: 4
   dt: d
   data: [ 1., 0., 0., -3.0909166259765625e+03, 0., 1., 0.,
       3.2171067047119141e+02, 0., 0., 0., -2.7246575764112295e+03, 0.,
       0., 6.1386086740390633e-01, 0. ]
