%YAML:1.0
---
M1: !!opencv-matrix
   rows: 3
   cols: 3
   dt: d
   data: [ 2.1645604367096630e+02, 0., 2.3897364272221577e+02, 0.,
       1.8330783321296767e+02, 1.3380825133445609e+02, 0., 0., 1. ]
D1: !!opencv-matrix
   rows: 1
   cols: 14
   dt: d
   data: [ -2.9863261347642700e-01, -1.1160094973749370e+00, 0., 0., 0.,
       0., 0., -5.9446482938730467e+00, 0., 0., 0., 0., 0., 0. ]
M2: !!opencv-matrix
   rows: 3
   cols: 3
   dt: d
   data: [ 2.1645604367096630e+02, 0., 2.4441329712896638e+02, 0.,
       1.8330783321296767e+02, 1.3518127548804475e+02, 0., 0., 1. ]
D2: !!opencv-matrix
   rows: 1
   cols: 14
   dt: d
   data: [ -3.4473518390088542e-01, -5.3018439634827785e-01, 0., 0., 0.,
       0., 0., -2.5992980311467160e+00, 0., 0., 0., 0., 0., 0. ]
