%YAML:1.0
---
M1: !!opencv-matrix
   rows: 3
   cols: 3
   dt: d
   data: [ 3.5431910816605262e+02, 0., 2.4012278665062948e+02, 0.,
       2.8331837371025881e+02, 1.3502168252533275e+02, 0., 0., 1. ]
D1: !!opencv-matrix
   rows: 1
   cols: 14
   dt: d
   data: [ 7.8999954088383048e-02, 1.9624984280078492e-01, 0., 0., 0.,
       0., 0., 6.1000844115733310e-01, 0., 0., 0., 0., 0., 0. ]
M2: !!opencv-matrix
   rows: 3
   cols: 3
   dt: d
   data: [ 3.5431910816605262e+02, 0., 2.3847430348765150e+02, 0.,
       2.8331837371025881e+02, 1.3471819170745647e+02, 0., 0., 1. ]
D2: !!opencv-matrix
   rows: 1
   cols: 14
   dt: d
   data: [ 1.2179336139342589e-01, 4.1111226619132107e-01, 0., 0., 0.,
       0., 0., 1.7515332159451302e-01, 0., 0., 0., 0., 0., 0. ]
