%YAML:1.0
---
M1: !!opencv-matrix
   rows: 3
   cols: 3
   dt: d
   data: [ 6.1491705573838669e+02, 0., 9.5891132934243933e+02, 0.,
       5.9116019322824297e+02, 5.3968148771605865e+02, 0., 0., 1. ]
D1: !!opencv-matrix
   rows: 1
   cols: 14
   dt: d
   data: [ 1.0961822591819142e-03, 3.2423393262582712e-03, 0., 0., 0.,
       0., 0., 6.3831596538843722e-03, 0., 0., 0., 0., 0., 0. ]
M2: !!opencv-matrix
   rows: 3
   cols: 3
   dt: d
   data: [ 6.1491705573838669e+02, 0., 9.6091612951469506e+02, 0.,
       5.9116019322824297e+02, 5.3918078710811767e+02, 0., 0., 1. ]
D2: !!opencv-matrix
   rows: 1
   cols: 14
   dt: d
   data: [ 1.0139224017564103e-03, 1.8071949892708935e-02, 0., 0., 0.,
       0., 0., 1.5887051535361418e-02, 0., 0., 0., 0., 0., 0. ]
